[[4.2e+01 1.0e+01 1.0e+00]
 [4.2e+01 5.0e-02 3.0e+00]
 [4.2e+01 5.0e-02 6.0e+00]
 [4.4e+01 5.0e+00 1.0e+00]
 [4.4e+01 5.0e+01 2.0e+00]
 [4.4e+01 1.0e+02 2.0e+00]
 [4.4e+01 1.0e+02 3.0e+00]
 [4.4e+01 1.0e-01 4.0e+00]
 [4.6e+01 1.0e-01 1.0e+00]
 [4.6e+01 5.0e+01 1.0e+00]
 [4.6e+01 1.0e+02 1.0e+00]
 [4.6e+01 5.0e-02 2.0e+00]
 [4.6e+01 5.0e-01 2.0e+00]
 [4.6e+01 5.0e+00 2.0e+00]
 [4.6e+01 1.0e+01 2.0e+00]
 [4.6e+01 1.0e-01 3.0e+00]
 [4.6e+01 1.0e+00 4.0e+00]
 [4.6e+01 5.0e+00 4.0e+00]
 [4.6e+01 1.0e+01 4.0e+00]
 [4.6e+01 5.0e+01 4.0e+00]
 [4.6e+01 5.0e-02 5.0e+00]
 [4.6e+01 1.0e+00 5.0e+00]
 [4.6e+01 1.0e+02 5.0e+00]
 [4.8e+01 1.0e+00 1.0e+00]
 [4.8e+01 1.0e+01 3.0e+00]
 [4.8e+01 5.0e-02 4.0e+00]
 [4.8e+01 1.0e+02 4.0e+00]
 [4.8e+01 1.0e-01 5.0e+00]
 [4.8e+01 1.0e+01 5.0e+00]
 [4.8e+01 5.0e+01 5.0e+00]
 [4.8e+01 1.0e+00 6.0e+00]
 [4.8e+01 1.0e+02 6.0e+00]
 [5.0e+01 5.0e-01 1.0e+00]
 [5.0e+01 5.0e+00 3.0e+00]
 [5.0e+01 5.0e+01 3.0e+00]
 [5.0e+01 5.0e+00 5.0e+00]
 [5.0e+01 1.0e-01 6.0e+00]
 [5.0e+01 5.0e+01 6.0e+00]
 [5.2e+01 5.0e-02 1.0e+00]
 [5.2e+01 1.0e-01 2.0e+00]
 [5.2e+01 5.0e-01 6.0e+00]
 [5.2e+01 5.0e+00 6.0e+00]
 [5.4e+01 1.0e+00 3.0e+00]
 [5.4e+01 1.0e+01 6.0e+00]
 [5.6e+01 5.0e-01 3.0e+00]
 [5.8e+01 1.0e+00 2.0e+00]
 [6.2e+01 5.0e-01 4.0e+00]
 [7.0e+01 5.0e-01 5.0e+00]]