[[3.60e+01 1.00e+02 2.00e+00]
 [3.80e+01 1.00e+01 2.00e+00]
 [4.00e+01 5.00e+00 2.00e+00]
 [4.00e+01 5.00e+00 3.00e+00]
 [4.00e+01 1.00e+01 5.00e+00]
 [4.00e+01 1.00e+02 5.00e+00]
 [4.20e+01 5.00e+01 2.00e+00]
 [4.20e+01 1.00e+00 4.00e+00]
 [4.20e+01 5.00e-01 5.00e+00]
 [4.40e+01 1.00e+01 3.00e+00]
 [4.40e+01 1.00e+01 4.00e+00]
 [4.40e+01 5.00e+01 4.00e+00]
 [4.60e+01 1.00e+02 3.00e+00]
 [4.60e+01 5.00e-01 4.00e+00]
 [4.60e+01 1.00e+00 5.00e+00]
 [4.60e+01 5.00e+01 6.00e+00]
 [4.80e+01 1.00e+00 3.00e+00]
 [4.80e+01 5.00e+00 5.00e+00]
 [5.00e+01 5.00e-01 2.00e+00]
 [5.00e+01 1.00e+00 2.00e+00]
 [5.00e+01 5.00e-02 5.00e+00]
 [5.00e+01 1.00e-01 5.00e+00]
 [5.00e+01 5.00e+00 6.00e+00]
 [5.20e+01 1.00e-01 4.00e+00]
 [5.20e+01 1.00e+02 4.00e+00]
 [5.40e+01 5.00e+00 4.00e+00]
 [5.40e+01 5.00e+01 5.00e+00]
 [5.40e+01 5.00e-02 6.00e+00]
 [5.60e+01 5.00e-01 3.00e+00]
 [5.60e+01 1.00e-01 6.00e+00]
 [5.80e+01 5.00e-01 6.00e+00]
 [5.80e+01 1.00e+00 6.00e+00]
 [5.80e+01 1.00e+01 6.00e+00]
 [5.80e+01 1.00e+02 6.00e+00]
 [6.00e+01 5.00e+01 3.00e+00]
 [6.00e+01 5.00e-02 4.00e+00]
 [6.40e+01 5.00e-02 3.00e+00]
 [7.20e+01 1.00e-01 3.00e+00]
 [9.00e+01 1.00e-01 2.00e+00]
 [1.00e+02 5.00e-02 2.00e+00]
 [1.04e+02 5.00e-01 1.00e+00]
 [1.04e+02 1.00e+01 1.00e+00]
 [1.08e+02 1.00e+02 1.00e+00]
 [1.10e+02 5.00e+00 1.00e+00]
 [1.12e+02 1.00e+00 1.00e+00]
 [1.16e+02 5.00e-02 1.00e+00]
 [1.16e+02 1.00e-01 1.00e+00]
 [1.16e+02 5.00e+01 1.00e+00]]